23 45 1 12 67 18 23 9 90 58 40 26 33 19 7
67 12 11 7 6 98 26 24
1 11 21 31 41 51 61 71 81 91 89 79 69 59 49 39 29 19 9
32 4 42 6 65 54 33 19 78 20 89 89 99 23
1 3 5 7 9
97 87 77 67 57 47 37 27 17 7
2 3 5 7 11 13 17 19 23 29 31 37 41 43 47 53 59 61 67 71 73 79 83 89 97
2 3 5 7 11 13 17 19 23 29 31 37 41 43 47 53 59 61 67 71 73 79 83 89 97
23 29 31 37 41 43 47 53 59 61 2 3 5 7 11 13 17 19 67 71 73 79 83 89 97
32 4 42 6 19 78 20 89 89 99 23 65 54 33
1 11 21 31 41 51 61 69 59 49 39 29 19 9 71 81 91 89 7
23 45 1 12 67 18 23 9 90
31 41 51 61 71 81 91
5 7 11 13 17 19 23 29 31
5 7 11 13 17 19 23 29 31 37 41 43 47 53 59 61 67 71
